[2pt_like]

angle_range_shear_cl_1_1 = 0. 3000.
angle_range_shear_cl_1_2 = 0. 3000.
angle_range_shear_cl_1_3 = 0. 3000.
angle_range_shear_cl_1_4 = 0. 3000.
angle_range_shear_cl_1_5 = 0. 3000.
angle_range_shear_cl_2_2 = 0. 3000.
angle_range_shear_cl_2_3 = 0. 3000.
angle_range_shear_cl_2_4 = 0. 3000.
angle_range_shear_cl_2_5 = 0. 3000.
angle_range_shear_cl_3_3 = 0. 3000.
angle_range_shear_cl_3_4 = 0. 3000.
angle_range_shear_cl_3_5 = 0. 3000.
angle_range_shear_cl_4_4 = 0. 3000.
angle_range_shear_cl_4_5 = 0. 3000.
angle_range_shear_cl_5_5 = 0. 3000.

angle_range_galaxy_cl_1_1 = 0. 227.45124638826658
angle_range_galaxy_cl_2_2 = 0. 369.88843418304793
angle_range_galaxy_cl_3_3 = 0. 465.88450283992086
angle_range_galaxy_cl_4_4 = 0. 549.6296169730557
angle_range_galaxy_cl_5_5 = 0. 628.673555375317
angle_range_galaxy_cl_6_6 = 0. 707.698355167263
angle_range_galaxy_cl_7_7 = 0. 790.7493172161454
angle_range_galaxy_cl_8_8 = 0. 883.9019239519266
angle_range_galaxy_cl_9_9 = 0. 1000.0114677741944
angle_range_galaxy_cl_10_10 = 0. 1209.9674600484711

#all are specified for simplicity but not all used (see cut_galaxy_shear_cl)
angle_range_galaxy_shear_cl_1_1 = 0. 227.45124638826658
angle_range_galaxy_shear_cl_1_2 = 0. 227.45124638826658
angle_range_galaxy_shear_cl_1_3 = 0. 227.45124638826658
angle_range_galaxy_shear_cl_1_4 = 0. 227.45124638826658
angle_range_galaxy_shear_cl_1_5 = 0. 227.45124638826658
angle_range_galaxy_shear_cl_2_1 = 0. 369.88843418304793
angle_range_galaxy_shear_cl_2_2 = 0. 369.88843418304793
angle_range_galaxy_shear_cl_2_3 = 0. 369.88843418304793
angle_range_galaxy_shear_cl_2_4 = 0. 369.88843418304793
angle_range_galaxy_shear_cl_2_5 = 0. 369.88843418304793
angle_range_galaxy_shear_cl_3_1 = 0. 465.88450283992086
angle_range_galaxy_shear_cl_3_2 = 0. 465.88450283992086
angle_range_galaxy_shear_cl_3_3 = 0. 465.88450283992086
angle_range_galaxy_shear_cl_3_4 = 0. 465.88450283992086
angle_range_galaxy_shear_cl_3_5 = 0. 465.88450283992086
angle_range_galaxy_shear_cl_4_1 = 0. 549.6296169730557
angle_range_galaxy_shear_cl_4_2 = 0. 549.6296169730557
angle_range_galaxy_shear_cl_4_3 = 0. 549.6296169730557
angle_range_galaxy_shear_cl_4_4 = 0. 549.6296169730557
angle_range_galaxy_shear_cl_4_5 = 0. 549.6296169730557
angle_range_galaxy_shear_cl_5_1 = 0. 628.673555375317
angle_range_galaxy_shear_cl_5_2 = 0. 628.673555375317
angle_range_galaxy_shear_cl_5_3 = 0. 628.673555375317
angle_range_galaxy_shear_cl_5_4 = 0. 628.673555375317
angle_range_galaxy_shear_cl_5_5 = 0. 628.673555375317
angle_range_galaxy_shear_cl_6_1 = 0. 707.698355167263
angle_range_galaxy_shear_cl_6_2 = 0. 707.698355167263
angle_range_galaxy_shear_cl_6_3 = 0. 707.698355167263
angle_range_galaxy_shear_cl_6_4 = 0. 707.698355167263
angle_range_galaxy_shear_cl_6_5 = 0. 707.698355167263
angle_range_galaxy_shear_cl_7_1 = 0. 790.7493172161454
angle_range_galaxy_shear_cl_7_2 = 0. 790.7493172161454
angle_range_galaxy_shear_cl_7_3 = 0. 790.7493172161454
angle_range_galaxy_shear_cl_7_4 = 0. 790.7493172161454
angle_range_galaxy_shear_cl_7_5 = 0. 790.7493172161454
angle_range_galaxy_shear_cl_8_1 = 0. 883.9019239519266
angle_range_galaxy_shear_cl_8_2 = 0. 883.9019239519266
angle_range_galaxy_shear_cl_8_3 = 0. 883.9019239519266
angle_range_galaxy_shear_cl_8_4 = 0. 883.9019239519266
angle_range_galaxy_shear_cl_8_5 = 0. 883.9019239519266
angle_range_galaxy_shear_cl_9_1 = 0. 1000.0114677741944
angle_range_galaxy_shear_cl_9_2 = 0. 1000.0114677741944
angle_range_galaxy_shear_cl_9_3 = 0. 1000.0114677741944
angle_range_galaxy_shear_cl_9_4 = 0. 1000.0114677741944
angle_range_galaxy_shear_cl_9_5 = 0. 1000.0114677741944
angle_range_galaxy_shear_cl_10_1 = 0. 1209.9674600484711
angle_range_galaxy_shear_cl_10_2 = 0. 1209.9674600484711
angle_range_galaxy_shear_cl_10_3 = 0. 1209.9674600484711
angle_range_galaxy_shear_cl_10_4 = 0. 1209.9674600484711
angle_range_galaxy_shear_cl_10_5 = 0. 1209.9674600484711
